Gurobi 9.5.2: optimal solution; objective 2.00103641e+11
15 simplex iterations
1 branch-and-cut nodes
x [*] :=
 1  0
 2  0
 3  0
 4  0
 5  0
 6  0
 7  0
 8  0
 9  1
10  0
11  0
12  0
13  0
14  1
15  1
16  1
17  1
18  0
19  0
20  1
;

y [*] :=
 0 1    2 0    4 0    6 1    8 0   10 1   12 0   14 0   16 0   18 1   20 1
 1 1    3 0    5 0    7 0    9 0   11 0   13 0   15 1   17 0   19 0
;

z [*,*] (tr)
:    0   1   2   3   4   5   6   7   8   9  10  11  12  13  14  15  16  17  18 :=
1    1   0   0   0   0   0   0   0   0   0   0   0   0   0   0   0   0   0   0
2    0   1   0   0   0   0   0   0   0   0   0   0   0   0   0   0   0   0   0
3    1   0   0   0   0   0   0   0   0   0   0   0   0   0   0   0   0   0   0
4    1   0   0   0   0   0   0   0   0   0   0   0   0   0   0   0   0   0   0
5    1   0   0   0   0   0   0   0   0   0   0   0   0   0   0   0   0   0   0
6    1   0   0   0   0   0   0   0   0   0   0   0   0   0   0   0   0   0   0
7    1   0   0   0   0   0   0   0   0   0   0   0   0   0   0   0   0   0   0
8    0   0   0   0   0   0   1   0   0   0   0   0   0   0   0   0   0   0   0
9    0   0   0   0   0   0   0   0   0   0   0   0   0   0   0   0   0   0   0
10   1   0   0   0   0   0   0   0   0   0   0   0   0   0   0   0   0   0   0
11   0   0   0   0   0   0   0   0   0   0   0   0   0   0   0   0   0   0   1
12   1   0   0   0   0   0   0   0   0   0   0   0   0   0   0   0   0   0   0
13   1   0   0   0   0   0   0   0   0   0   0   0   0   0   0   0   0   0   0
14   1   0   0   0   0   0   0   0   0   0   0   0   0   0   0   0   0   0   0
15   0   0   0   0   0   0   0   0   0   0   1   0   0   0   0   0   0   0   0
16   0   0   0   0   0   0   0   0   0   0   0   0   0   0   0   1   0   0   0
17   0   1   0   0   0   0   0   0   0   0   0   0   0   0   0   0   0   0   0
18   1   0   0   0   0   0   0   0   0   0   0   0   0   0   0   0   0   0   0
19   1   0   0   0   0   0   0   0   0   0   0   0   0   0   0   0   0   0   0
20   0   0   0   0   0   0   0   0   0   0   0   0   0   0   0   0   0   0   0
21   0   0   0   0   0   0   0   0   0   0   0   0   0   0   0   0   0   0   0
22   1   0   0   0   0   0   0   0   0   0   0   0   0   0   0   0   0   0   0

:   19  20    :=
1    0   0
2    0   0
3    0   0
4    0   0
5    0   0
6    0   0
7    0   0
8    0   0
9    0   1
10   0   0
11   0   0
12   0   0
13   0   0
14   0   0
15   0   0
16   0   0
17   0   0
18   0   0
19   0   0
20   0   1
21   0   1
22   0   0
;

