Gurobi 9.5.2: optimal solution; objective 2.000369601e+11
x [*] :=
 1  0
 2  1
 3  0
 4  0
 5  0
 6  1
 7  1
 8  0
 9  0
10  1
11  1
12  0
13  1
14  1
;

y [*] :=
 0  1
 1  1
 2  0
 3  1
 4  0
 5  0
 6  0
 7  1
 8  1
 9  1
10  1
11  1
12  0
13  0
14  0
;

z [*,*] (tr)
:    0   1   2   3   4   5   6   7   8   9  10  11  12  13  14    :=
1    1   0   0   0   0   0   0   0   0   0   0   0   0   0   0
3    1   0   0   0   0   0   0   0   0   0   0   0   0   0   0
4    1   0   0   0   0   0   0   0   0   0   0   0   0   0   0
5    1   0   0   0   0   0   0   0   0   0   0   0   0   0   0
6    1   0   0   0   0   0   0   0   0   0   0   0   0   0   0
7    0   0   0   0   0   0   0   0   1   0   0   0   0   0   0
8    0   0   0   0   0   0   0   0   0   0   1   0   0   0   0
9    1   0   0   0   0   0   0   0   0   0   0   0   0   0   0
10   0   0   0   0   0   0   0   0   0   0   0   1   0   0   0
11   1   0   0   0   0   0   0   0   0   0   0   0   0   0   0
12   0   0   0   0   0   0   0   0   0   1   0   0   0   0   0
13   1   0   0   0   0   0   0   0   0   0   0   0   0   0   0
14   0   0   0   0   0   0   0   1   0   0   0   0   0   0   0
15   0   1   0   0   0   0   0   0   0   0   0   0   0   0   0
16   1   0   0   0   0   0   0   0   0   0   0   0   0   0   0
18   0   0   0   0   0   0   0   0   0   0   1   0   0   0   0
19   0   0   0   1   0   0   0   0   0   0   0   0   0   0   0
21   1   0   0   0   0   0   0   0   0   0   0   0   0   0   0
22   1   0   0   0   0   0   0   0   0   0   0   0   0   0   0
;

